PART
{
	name = t202_b_2
	module = Part
	author = Bonus Eventus
	MODEL
	{
		model = kerbodynePlus/Parts/Structural/t202_b_2
		scale = 1.25,1.25,1.25
	}
	rescaleFactor = 1
	scale = 1.25
	node_stack_top = 0.0, 2.25, 0.00, 0.0, 1.0, 0.0, 3
	node_stack_bottom = 0.0, -2.25, 0.00, 0.0, -1.0, 0.0, 3
	node_stack_side_01 =           0, 1.125,	   1.2605,  0, 0, 1, 2
	node_stack_side_02 =           0, 1.125,	  -1.2605,  0, 0,-1, 2
	node_stack_side_03 =      1.2605, 1.125,         0,  1, 0, 0, 2
	node_stack_side_04 =     -1.2605, 1.125,         0, -1, 0, 0, 2
	node_stack_side_05 =   0.8912981, 1.125, 0.8912981,  1, 0, 1, 2
	node_stack_side_06 =  -0.8912981, 1.125,-0.8912981, -1, 0,-1, 2
	node_stack_side_07 =   0.8912981, 1.125,-0.8912981,  1, 0,-1, 2
	node_stack_side_08 =  -0.8912981, 1.125, 0.8912981, -1, 0, 1, 2
	node_stack_side_09 =          0, -1.125,	   1.2605,  0, 0, 1, 2
	node_stack_side_10 =          0, -1.125,	  -1.2605,  0, 0,-1, 2
	node_stack_side_11 =     1.2605, -1.125,         0,  1, 0, 0, 2
	node_stack_side_12 =    -1.2605, -1.125,         0, -1, 0, 0, 2
	node_stack_side_13 =  0.8912981, -1.125, 0.8912981,  1, 0, 1, 2
	node_stack_side_14 = -0.8912981, -1.125,-0.8912981, -1, 0,-1, 2
	node_stack_side_15 =  0.8912981, -1.125,-0.8912981,  1, 0,-1, 2
	node_stack_side_16 = -0.8912981, -1.125, 0.8912981, -1, 0, 1, 2
	node_attach = 0.0, 2.25, 0.00, 0.0, 1.0, 0.0, 12
	TechRequired = largeVolumeContainment
	entryCost = 16000
	cost = 1500
	category = Structural
	subcategory = 0
	title = T202 B-2 Integrated Truss
	manufacturer = Kerbodyne
	description =  The T202 B-2 Integrated Truss is part of a system of integrated trusses which act as a point of attachment for T202 Utility Modules. Features super strength and ultra light materials.
	attachRules = 1,1,1,1,0
	mass = 3.25
	dragModelType = default
	maximum_drag = 0.3
	minimum_drag = 0.2
	angularDrag = 1
	crashTolerance = 20
    	breakingForce = 400
    	breakingTorque = 400
    	maxTemp = 2000
    	fuelCrossFeed = false //bad things can happen with symmetry and fuelCrossFeed
	bulkheadProfiles = kp, t202, size3
	stackSymmetry = 7
	tags = kerbodynePlus kerbodyne kp t202 connect frame scaffold structur strut truss
}
